N_unmapped	3558996	3558996	3558996
N_multimapping	6708190	6708190	6708190
N_noFeature	917450	918477	3602516
N_ambiguous	2	2	0
ENSCAFG00000020565	2036	2036	0
ENSCAFG00000020481	1248	1248	0
ENSCAFG00000026764	0	0	0
ENSCAFG00000025670	787	787	0
ENSCAFG00000020644	5	5	0
ENSCAFG00000025658	190	190	0
ENSCAFG00000025742	102	102	0
ENSCAFG00000043336	105	105	0
ENSCAFG00000025704	176	176	0
ENSCAFG00000044681	0	0	0
ENSCAFG00000025726	1147	1147	0
ENSCAFG00000020459	3524	3524	0
ENSCAFG00000038673	0	0	0
ENSCAFG00000048424	0	0	0
ENSCAFG00000027199	40	40	0
ENSCAFG00000025633	13	13	0
ENSCAFG00000043394	333	333	0
ENSCAFG00000022770	120	120	0
ENSCAFG00000025712	1759	1759	0
ENSCAFG00000022820	4	4	0
ENSCAFG00000025638	2639	2639	0
ENSCAFG00000048852	1	1	0
ENSCAFG00000022763	0	0	0
ENSCAFG00000020518	1680	1680	0
ENSCAFG00000026666	0	0	0
ENSCAFG00000042350	0	0	0
ENSCAFG00000025657	601	601	0
ENSCAFG00000022958	0	0	0
ENSCAFG00000044664	0	0	0
ENSCAFG00000020474	0	0	0
ENSCAFG00000044506	0	0	0
ENSCAFG00000027813	1	1	0
ENSCAFG00000022794	2383	2383	0
ENSCAFG00000025724	67	67	0
ENSCAFG00000025668	0	0	0
ENSCAFG00000025654	122	122	0
ENSCAFG00000022764	6	6	0
ENSCAFG00000025698	310	310	0
ENSCAFG00000027567	215	215	0
ENSCAFG00000020514	0	0	0
ENSCAFG00000022825	100	100	0
ENSCAFG00000022858	40	38	2
ENSCAFG00000025708	17	17	0
ENSCAFG00000022774	418	418	0
ENSCAFG00000022790	209	209	0
ENSCAFG00000049039	0	0	0
ENSCAFG00000044768	0	0	0
ENSCAFG00000049262	0	0	0
ENSCAFG00000050006	0	0	0
ENSCAFG00000048839	0	0	0
ENSCAFG00000043437	0	0	0
ENSCAFG00000042082	0	0	0
ENSCAFG00000046872	0	0	0
ENSCAFG00000043975	0	0	0
ENSCAFG00000047838	0	0	0
ENSCAFG00000047926	0	0	0
ENSCAFG00000049145	0	0	0
ENSCAFG00000028340	0	0	0
ENSCAFG00000041572	0	0	0
ENSCAFG00000041644	0	0	0
ENSCAFG00000043043	0	0	0
ENSCAFG00000025703	2	2	0
ENSCAFG00000027838	0	0	0
ENSCAFG00000020575	305	305	0
ENSCAFG00000022781	1190	1190	0
ENSCAFG00000020520	213	213	0
ENSCAFG00000025631	28	28	0
ENSCAFG00000020640	23	8	15
ENSCAFG00000046426	0	0	0
ENSCAFG00000044350	52	52	0
ENSCAFG00000020576	676	676	0
ENSCAFG00000020574	156110	156110	0
ENSCAFG00000020635	20062	20062	0
ENSCAFG00000020591	65	65	0
ENSCAFG00000020546	285	285	0
ENSCAFG00000020530	235	235	0
ENSCAFG00000020596	2189	2189	0
ENSCAFG00000020535	153	153	0
ENSCAFG00000020624	100	100	0
ENSCAFG00000049990	0	0	0
ENSCAFG00000031179	0	0	0
ENSCAFG00000031186	0	0	0
ENSCAFG00000029160	0	0	0
ENSCAFG00000044150	0	0	0
ENSCAFG00000025699	26537	26537	0
ENSCAFG00000020445	4417	4417	0
ENSCAFG00000025727	7205	7205	0
ENSCAFG00000026730	98	98	0
ENSCAFG00000046623	0	0	0
ENSCAFG00000032159	217	217	0
ENSCAFG00000025625	402	402	0
ENSCAFG00000049366	0	0	0
ENSCAFG00000027652	0	0	0
ENSCAFG00000020622	0	0	0
ENSCAFG00000046717	0	0	0
ENSCAFG00000044106	0	0	0
ENSCAFG00000048242	0	0	0
ENSCAFG00000020506	0	0	0
ENSCAFG00000041275	5	5	0
ENSCAFG00000020511	0	0	0
ENSCAFG00000043449	242	242	0
ENSCAFG00000046125	0	0	0
ENSCAFG00000020522	2854	2854	0
ENSCAFG00000048425	0	0	0
ENSCAFG00000025677	809	809	0
ENSCAFG00000020473	22	22	0
ENSCAFG00000041648	0	0	0
ENSCAFG00000049618	0	0	0
ENSCAFG00000020479	28	28	0
ENSCAFG00000020448	83	83	0
ENSCAFG00000020503	2126	2126	0
ENSCAFG00000041656	1	1	0
ENSCAFG00000020636	17	17	0
ENSCAFG00000025661	0	0	0
ENSCAFG00000042172	0	0	0
ENSCAFG00000020556	2173	2173	0
ENSCAFG00000022775	576	575	1
ENSCAFG00000020627	24	24	0
ENSCAFG00000046189	0	0	0
ENSCAFG00000048990	1	1	0
ENSCAFG00000025628	1	1	0
ENSCAFG00000048507	0	0	0
ENSCAFG00000020598	30	30	0
ENSCAFG00000022951	66	66	0
ENSCAFG00000020643	33	0	33
ENSCAFG00000020597	2	2	0
ENSCAFG00000048686	0	0	0
ENSCAFG00000022827	1	1	0
ENSCAFG00000020569	331	331	0
ENSCAFG00000020455	8447	8447	0
ENSCAFG00000022815	563	563	0
ENSCAFG00000026846	9	9	0
ENSCAFG00000026634	30	30	0
ENSCAFG00000025741	0	0	0
ENSCAFG00000026768	10	10	0
ENSCAFG00000020469	3	1	2
ENSCAFG00000042161	6	6	0
ENSCAFG00000025665	4364	4364	0
ENSCAFG00000045681	0	0	0
ENSCAFG00000020519	188631	188631	0
ENSCAFG00000025649	22677	22677	0
ENSCAFG00000020443	413821	413821	0
ENSCAFG00000044661	4	4	0
ENSCAFG00000030650	6	6	0
ENSCAFG00000043073	0	0	0
ENSCAFG00000042321	0	0	0
ENSCAFG00000043760	0	0	0
ENSCAFG00000027122	0	0	0
ENSCAFG00000049057	0	0	0
ENSCAFG00000020610	3	3	0
ENSCAFG00000022832	0	0	0
ENSCAFG00000025709	40	40	0
ENSCAFG00000043963	0	0	0
ENSCAFG00000020539	1	1	0
ENSCAFG00000044954	0	0	0
ENSCAFG00000041908	0	0	0
ENSCAFG00000049287	0	0	0
ENSCAFG00000025645	59	59	0
ENSCAFG00000020498	4	4	0
ENSCAFG00000030248	0	0	0
ENSCAFG00000032539	0	0	0
ENSCAFG00000020630	283	283	0
ENSCAFG00000020572	0	0	0
ENSCAFG00000048163	0	0	0
ENSCAFG00000022783	1	1	0
ENSCAFG00000049324	18	18	0
ENSCAFG00000020595	13	13	0
ENSCAFG00000020536	937	931	6
ENSCAFG00000046537	91	91	0
ENSCAFG00000044245	176	176	0
ENSCAFG00000049374	1	1	0
ENSCAFG00000020549	0	0	0
ENSCAFG00000026507	80	80	0
ENSCAFG00000020621	1	1	0
ENSCAFG00000020524	1638	1638	0
ENSCAFG00000020633	66	66	0
ENSCAFG00000028108	471	471	0
ENSCAFG00000042120	333	333	0
ENSCAFG00000025719	664	664	0
ENSCAFG00000025680	1486	1486	0
ENSCAFG00000020648	2355	2355	0
ENSCAFG00000027636	0	0	0
ENSCAFG00000047085	0	0	0
ENSCAFG00000045414	3	3	0
ENSCAFG00000049121	0	0	0
ENSCAFG00000025662	1222	1222	0
ENSCAFG00000042080	0	0	0
ENSCAFG00000041616	0	0	0
ENSCAFG00000020593	84	84	0
ENSCAFG00000025734	376	376	0
ENSCAFG00000047649	0	0	0
ENSCAFG00000026614	57	57	0
ENSCAFG00000048389	0	0	0
ENSCAFG00000043228	0	0	0
ENSCAFG00000049771	0	0	0
ENSCAFG00000041108	0	0	0
ENSCAFG00000020492	541	541	0
ENSCAFG00000042688	0	0	0
ENSCAFG00000020516	4	4	0
ENSCAFG00000020484	12646	12646	0
ENSCAFG00000020464	5886	5886	0
ENSCAFG00000048691	0	0	0
ENSCAFG00000042029	0	0	0
ENSCAFG00000043352	0	0	0
ENSCAFG00000030722	4	2	2
ENSCAFG00000026592	399	399	0
ENSCAFG00000022791	36	36	0
ENSCAFG00000025718	16	16	0
ENSCAFG00000046610	0	0	0
ENSCAFG00000027554	0	0	0
ENSCAFG00000026594	1	1	0
ENSCAFG00000026571	0	0	0
ENSCAFG00000020512	177	177	0
ENSCAFG00000025644	1007	1007	0
ENSCAFG00000020615	2043	2043	0
ENSCAFG00000026477	266	266	0
ENSCAFG00000042200	1	1	0
ENSCAFG00000042492	94	94	0
ENSCAFG00000022765	88	88	0
ENSCAFG00000022762	5	5	0
ENSCAFG00000022840	30	30	0
ENSCAFG00000020618	874	874	0
ENSCAFG00000025720	30	30	0
ENSCAFG00000020517	69	69	0
ENSCAFG00000020614	86	86	0
ENSCAFG00000025655	373	373	0
ENSCAFG00000020573	384	384	0
ENSCAFG00000026742	2	2	0
ENSCAFG00000020533	48	48	0
ENSCAFG00000025656	5	5	0
ENSCAFG00000025684	9	9	0
ENSCAFG00000022766	81	81	0
ENSCAFG00000025738	46	46	0
ENSCAFG00000029193	55	55	0
ENSCAFG00000027782	4	4	0
ENSCAFG00000026808	0	0	0
ENSCAFG00000026682	9	9	0
ENSCAFG00000022830	22	22	0
ENSCAFG00000026524	76	76	0
ENSCAFG00000022838	0	0	0
ENSCAFG00000022796	4	4	0
ENSCAFG00000020486	74	74	0
ENSCAFG00000025637	7	7	0
ENSCAFG00000025674	0	0	0
ENSCAFG00000020483	0	0	0
ENSCAFG00000049813	0	0	0
ENSCAFG00000020625	30	30	0
ENSCAFG00000025737	10	9	1
ENSCAFG00000045843	0	0	0
ENSCAFG00000025700	0	0	0
ENSCAFG00000020557	1983	1983	0
ENSCAFG00000020585	149347	149347	0
ENSCAFG00000045215	1	1	0
ENSCAFG00000046565	0	0	0
ENSCAFG00000048842	0	0	0
ENSCAFG00000028270	0	0	0
ENSCAFG00000020631	410	410	0
ENSCAFG00000044658	23331	23331	0
ENSCAFG00000022942	94	94	0
ENSCAFG00000026767	326	326	0
ENSCAFG00000046297	3	3	0
ENSCAFG00000020552	8	8	0
ENSCAFG00000049204	0	0	0
ENSCAFG00000026795	1	1	0
ENSCAFG00000049090	0	0	0
ENSCAFG00000048969	0	0	0
ENSCAFG00000048652	0	0	0
ENSCAFG00000025696	0	0	0
ENSCAFG00000020619	0	0	0
ENSCAFG00000042382	0	0	0
ENSCAFG00000048248	0	0	0
ENSCAFG00000045852	0	0	0
ENSCAFG00000026752	80	80	0
ENSCAFG00000040972	0	0	0
ENSCAFG00000044629	0	0	0
ENSCAFG00000047160	0	0	0
ENSCAFG00000045055	0	0	0
ENSCAFG00000045256	0	0	0
ENSCAFG00000047586	0	0	0
ENSCAFG00000025650	213	213	0
ENSCAFG00000020447	33868	33868	0
ENSCAFG00000025735	0	0	0
ENSCAFG00000027864	0	0	0
ENSCAFG00000043040	0	0	0
ENSCAFG00000031591	0	0	0
ENSCAFG00000047537	0	0	0
ENSCAFG00000020632	752	752	0
ENSCAFG00000026763	0	0	0
ENSCAFG00000020605	2	2	0
ENSCAFG00000046924	0	0	0
ENSCAFG00000022821	0	0	0
ENSCAFG00000026488	0	0	0
ENSCAFG00000044039	0	0	0
ENSCAFG00000025717	13252	13252	0
ENSCAFG00000020612	264027	264027	0
ENSCAFG00000022759	8435	8435	0
ENSCAFG00000048175	0	0	0
ENSCAFG00000044899	0	0	0
ENSCAFG00000020487	106	106	0
ENSCAFG00000025739	34	34	0
ENSCAFG00000047158	0	0	0
ENSCAFG00000022936	0	0	0
ENSCAFG00000020467	1331	1331	0
ENSCAFG00000020639	8	8	0
ENSCAFG00000020582	131	131	0
ENSCAFG00000025729	3686	3686	0
ENSCAFG00000020638	5	5	0
ENSCAFG00000020505	991	991	0
ENSCAFG00000020460	412	406	6
ENSCAFG00000043254	46	46	0
ENSCAFG00000048199	0	0	0
ENSCAFG00000047706	0	0	0
ENSCAFG00000049728	0	0	0
ENSCAFG00000032629	5	5	0
ENSCAFG00000047161	0	0	0
ENSCAFG00000025663	7209	7208	1
ENSCAFG00000020642	20150	20150	0
ENSCAFG00000025692	0	0	0
ENSCAFG00000046153	0	0	0
ENSCAFG00000026690	8	8	0
ENSCAFG00000020626	306	306	0
ENSCAFG00000022883	189	189	0
ENSCAFG00000020478	85	85	0
ENSCAFG00000020471	28252	28252	0
ENSCAFG00000022873	0	0	0
ENSCAFG00000020646	9	9	0
ENSCAFG00000025693	614	614	0
ENSCAFG00000025711	2750	2750	0
ENSCAFG00000020577	75	75	0
ENSCAFG00000020534	11174	11174	0
ENSCAFG00000020526	14952	14952	0
ENSCAFG00000020482	163	163	0
ENSCAFG00000025736	30	30	0
ENSCAFG00000044888	0	0	0
ENSCAFG00000020620	475025	475025	0
ENSCAFG00000045762	0	0	0
ENSCAFG00000020521	0	0	0
ENSCAFG00000020613	4973	4973	0
ENSCAFG00000020470	185	185	0
ENSCAFG00000025713	514	514	0
ENSCAFG00000020463	7	7	0
ENSCAFG00000020452	13899	13899	0
ENSCAFG00000020510	549	549	0
ENSCAFG00000020442	5	5	0
ENSCAFG00000020617	7	7	0
ENSCAFG00000020489	11	11	0
ENSCAFG00000020499	7	7	0
ENSCAFG00000022835	0	0	0
ENSCAFG00000022806	0	0	0
ENSCAFG00000025715	0	0	0
ENSCAFG00000041468	0	0	0
ENSCAFG00000020547	176339	176339	0
ENSCAFG00000020607	4	4	0
ENSCAFG00000049329	0	0	0
ENSCAFG00000040970	0	0	0
ENSCAFG00000042307	0	0	0
ENSCAFG00000045023	0	0	0
ENSCAFG00000044422	0	0	0
ENSCAFG00000047587	0	0	0
ENSCAFG00000042772	0	0	0
ENSCAFG00000044054	0	0	0
ENSCAFG00000046791	0	0	0
ENSCAFG00000022792	556	556	0
ENSCAFG00000046766	0	0	0
ENSCAFG00000048645	0	0	0
ENSCAFG00000046994	0	0	0
ENSCAFG00000045645	0	0	0
ENSCAFG00000041727	0	0	0
ENSCAFG00000047632	0	0	0
ENSCAFG00000025710	78	78	0
ENSCAFG00000043260	0	0	0
ENSCAFG00000047874	0	0	0
ENSCAFG00000042937	0	0	0
ENSCAFG00000020515	6	6	0
ENSCAFG00000026572	2376	1419	957
ENSCAFG00000047906	0	0	0
ENSCAFG00000045083	0	0	0
ENSCAFG00000048975	0	0	0
ENSCAFG00000046627	0	0	0
ENSCAFG00000020590	5	5	0
ENSCAFG00000026575	74	74	0
ENSCAFG00000044563	0	0	0
ENSCAFG00000020561	0	0	0
ENSCAFG00000020609	169883	169883	0
ENSCAFG00000047150	0	0	0
ENSCAFG00000043124	0	0	0
ENSCAFG00000020586	19198	19198	0
ENSCAFG00000020497	418	418	0
ENSCAFG00000045976	0	0	0
ENSCAFG00000047954	3	3	0
ENSCAFG00000032074	0	0	0
ENSCAFG00000022793	1391	1391	0
ENSCAFG00000020580	275	275	0
ENSCAFG00000020495	12258	12258	0
ENSCAFG00000020606	28653	28653	0
ENSCAFG00000022889	2401	2401	0
ENSCAFG00000020457	0	0	0
ENSCAFG00000020558	4	4	0
ENSCAFG00000044505	0	0	0
ENSCAFG00000045180	0	0	0
ENSCAFG00000041351	0	0	0
ENSCAFG00000022785	269	269	0
ENSCAFG00000020540	4	4	0
ENSCAFG00000027795	282	282	0
ENSCAFG00000020465	501	501	0
ENSCAFG00000049877	0	0	0
ENSCAFG00000026590	8	8	0
ENSCAFG00000047009	1717	1717	0
ENSCAFG00000043279	2289	2289	0
ENSCAFG00000045700	0	0	0
ENSCAFG00000048401	10	10	0
ENSCAFG00000020600	52	52	0
ENSCAFG00000020541	1236	1236	0
ENSCAFG00000044913	0	0	0
ENSCAFG00000020532	3145	3145	0
ENSCAFG00000041679	0	0	0
ENSCAFG00000025666	8	8	0
ENSCAFG00000020567	262	262	0
ENSCAFG00000020538	8	8	0
ENSCAFG00000049303	0	0	0
ENSCAFG00000043428	0	0	0
ENSCAFG00000047746	0	0	0
ENSCAFG00000041497	0	0	0
ENSCAFG00000043700	0	0	0
ENSCAFG00000046660	0	0	0
ENSCAFG00000020462	0	0	0
ENSCAFG00000042654	1	1	0
ENSCAFG00000020440	4854	4854	0
ENSCAFG00000046730	0	0	0
ENSCAFG00000041155	1	1	0
ENSCAFG00000020581	183	183	0
ENSCAFG00000041206	0	0	0
ENSCAFG00000025643	596	596	0
ENSCAFG00000026798	84	84	0
ENSCAFG00000047721	0	0	0
ENSCAFG00000020551	14	14	0
ENSCAFG00000020604	2310	2310	0
ENSCAFG00000044542	0	0	0
ENSCAFG00000047988	0	0	0
ENSCAFG00000048238	0	0	0
ENSCAFG00000020490	74	74	0
ENSCAFG00000022789	123323	123323	0
ENSCAFG00000025701	282	282	0
ENSCAFG00000020444	27	27	0
ENSCAFG00000025714	0	0	0
ENSCAFG00000048530	1	1	0
ENSCAFG00000020584	7132	7132	0
ENSCAFG00000028294	1	1	0
ENSCAFG00000020562	0	0	0
ENSCAFG00000025702	1	1	0
ENSCAFG00000020588	41	41	0
ENSCAFG00000037005	0	0	0
ENSCAFG00000022772	2753	2753	0
ENSCAFG00000020641	295	295	0
ENSCAFG00000025632	13	13	0
ENSCAFG00000022834	0	0	0
ENSCAFG00000025651	0	0	0
ENSCAFG00000041660	0	0	0
ENSCAFG00000045592	0	0	0
ENSCAFG00000020466	1035	1035	0
ENSCAFG00000044242	0	0	0
ENSCAFG00000049952	0	0	0
ENSCAFG00000022817	683	683	0
ENSCAFG00000026621	1466	1466	0
ENSCAFG00000042963	0	0	0
ENSCAFG00000048328	0	0	0
ENSCAFG00000025673	0	0	0
ENSCAFG00000041738	0	0	0
ENSCAFG00000037741	0	0	0
ENSCAFG00000026726	0	0	0
ENSCAFG00000022866	0	0	0
ENSCAFG00000046340	0	0	0
ENSCAFG00000025624	561	561	0
ENSCAFG00000020589	60	60	0
ENSCAFG00000027668	0	0	0
ENSCAFG00000020548	309	309	0
ENSCAFG00000020496	15450	15450	0
ENSCAFG00000020578	1211	1211	0
ENSCAFG00000020623	590	590	0
ENSCAFG00000025722	0	0	0
ENSCAFG00000045234	2	2	0
ENSCAFG00000043510	0	0	0
ENSCAFG00000026826	103	103	0
ENSCAFG00000030092	1	1	0
ENSCAFG00000020451	5349	5349	0
ENSCAFG00000025669	5	5	0
ENSCAFG00000022893	56	56	0
ENSCAFG00000047004	0	0	0
ENSCAFG00000020629	0	0	0
ENSCAFG00000025681	0	0	0
ENSCAFG00000025664	0	0	0
ENSCAFG00000025671	0	0	0
ENSCAFG00000022976	0	0	0
ENSCAFG00000041776	523	523	0
ENSCAFG00000049066	0	0	0
ENSCAFG00000028380	11	11	0
ENSCAFG00000020583	39086	39086	0
ENSCAFG00000020446	5	5	0
ENSCAFG00000026759	21	21	0
ENSCAFG00000043470	0	0	0
ENSCAFG00000048040	0	0	0
ENSCAFG00000020468	44061	44061	0
ENSCAFG00000047624	0	0	0
ENSCAFG00000028084	15	15	0
ENSCAFG00000020616	4	4	0
ENSCAFG00000025630	17	17	0
ENSCAFG00000020571	19	18	1
ENSCAFG00000046102	2	2	0
ENSCAFG00000048051	0	0	0
ENSCAFG00000047357	0	0	0
ENSCAFG00000046697	0	0	0
ENSCAFG00000046275	0	0	0
ENSCAFG00000042762	0	0	0
ENSCAFG00000047266	0	0	0
ENSCAFG00000046616	0	0	0
ENSCAFG00000045173	0	0	0
ENSCAFG00000042758	0	0	0
ENSCAFG00000047067	0	0	0
ENSCAFG00000045846	0	0	0
ENSCAFG00000045255	0	0	0
ENSCAFG00000046038	0	0	0
ENSCAFG00000048013	0	0	0
ENSCAFG00000047855	0	0	0
ENSCAFG00000020542	748	748	0
ENSCAFG00000042796	0	0	0
ENSCAFG00000047860	0	0	0
ENSCAFG00000049931	0	0	0
ENSCAFG00000045541	0	0	0
