N_unmapped	4290100	4290100	4290100
N_multimapping	4958991	4958991	4958991
N_noFeature	1317611	1318434	5518564
N_ambiguous	3	3	0
ENSCAFG00000020565	5436	5436	0
ENSCAFG00000020481	3317	3317	0
ENSCAFG00000026764	0	0	0
ENSCAFG00000025670	2020	2020	0
ENSCAFG00000020644	7	7	0
ENSCAFG00000025658	295	295	0
ENSCAFG00000025742	272	272	0
ENSCAFG00000043336	336	336	0
ENSCAFG00000025704	329	329	0
ENSCAFG00000044681	0	0	0
ENSCAFG00000025726	2731	2731	0
ENSCAFG00000020459	4884	4884	0
ENSCAFG00000038673	0	0	0
ENSCAFG00000048424	0	0	0
ENSCAFG00000027199	47	47	0
ENSCAFG00000025633	137	137	0
ENSCAFG00000043394	253	253	0
ENSCAFG00000022770	208	208	0
ENSCAFG00000025712	1978	1976	2
ENSCAFG00000022820	6	6	0
ENSCAFG00000025638	4105	4104	1
ENSCAFG00000048852	0	0	0
ENSCAFG00000022763	0	0	0
ENSCAFG00000020518	2608	2608	0
ENSCAFG00000026666	0	0	0
ENSCAFG00000042350	0	0	0
ENSCAFG00000025657	753	753	0
ENSCAFG00000022958	0	0	0
ENSCAFG00000044664	0	0	0
ENSCAFG00000020474	0	0	0
ENSCAFG00000044506	0	0	0
ENSCAFG00000027813	5	5	0
ENSCAFG00000022794	2291	2291	0
ENSCAFG00000025724	93	93	0
ENSCAFG00000025668	1	1	0
ENSCAFG00000025654	140	140	0
ENSCAFG00000022764	2	2	0
ENSCAFG00000025698	212	212	0
ENSCAFG00000027567	509	509	0
ENSCAFG00000020514	6	6	0
ENSCAFG00000022825	148	148	0
ENSCAFG00000022858	73	69	4
ENSCAFG00000025708	66	66	0
ENSCAFG00000022774	689	689	0
ENSCAFG00000022790	410	410	0
ENSCAFG00000049039	0	0	0
ENSCAFG00000044768	0	0	0
ENSCAFG00000049262	0	0	0
ENSCAFG00000050006	0	0	0
ENSCAFG00000048839	0	0	0
ENSCAFG00000043437	0	0	0
ENSCAFG00000042082	0	0	0
ENSCAFG00000046872	0	0	0
ENSCAFG00000043975	0	0	0
ENSCAFG00000047838	0	0	0
ENSCAFG00000047926	0	0	0
ENSCAFG00000049145	2	2	0
ENSCAFG00000028340	5	5	0
ENSCAFG00000041572	0	0	0
ENSCAFG00000041644	0	0	0
ENSCAFG00000043043	0	0	0
ENSCAFG00000025703	0	0	0
ENSCAFG00000027838	0	0	0
ENSCAFG00000020575	931	931	0
ENSCAFG00000022781	1419	1419	0
ENSCAFG00000020520	329	329	0
ENSCAFG00000025631	49	49	0
ENSCAFG00000020640	51	39	12
ENSCAFG00000046426	0	0	0
ENSCAFG00000044350	22	22	0
ENSCAFG00000020576	686	686	0
ENSCAFG00000020574	231000	231000	0
ENSCAFG00000020635	25306	25306	0
ENSCAFG00000020591	111	111	0
ENSCAFG00000020546	1172	1172	0
ENSCAFG00000020530	336	336	0
ENSCAFG00000020596	3837	3837	0
ENSCAFG00000020535	268	268	0
ENSCAFG00000020624	152	152	0
ENSCAFG00000049990	0	0	0
ENSCAFG00000031179	0	0	0
ENSCAFG00000031186	0	0	0
ENSCAFG00000029160	0	0	0
ENSCAFG00000044150	0	0	0
ENSCAFG00000025699	36260	36260	0
ENSCAFG00000020445	9260	9260	0
ENSCAFG00000025727	13336	13336	0
ENSCAFG00000026730	556	556	0
ENSCAFG00000046623	0	0	0
ENSCAFG00000032159	192	192	0
ENSCAFG00000025625	241	241	0
ENSCAFG00000049366	0	0	0
ENSCAFG00000027652	0	0	0
ENSCAFG00000020622	0	0	0
ENSCAFG00000046717	0	0	0
ENSCAFG00000044106	0	0	0
ENSCAFG00000048242	0	0	0
ENSCAFG00000020506	1	1	0
ENSCAFG00000041275	6	6	0
ENSCAFG00000020511	5	5	0
ENSCAFG00000043449	578	578	0
ENSCAFG00000046125	0	0	0
ENSCAFG00000020522	3856	3856	0
ENSCAFG00000048425	0	0	0
ENSCAFG00000025677	1001	1001	0
ENSCAFG00000020473	20	20	0
ENSCAFG00000041648	0	0	0
ENSCAFG00000049618	0	0	0
ENSCAFG00000020479	24	24	0
ENSCAFG00000020448	127	127	0
ENSCAFG00000020503	2481	2481	0
ENSCAFG00000041656	0	0	0
ENSCAFG00000020636	13	13	0
ENSCAFG00000025661	1	1	0
ENSCAFG00000042172	0	0	0
ENSCAFG00000020556	3290	3290	0
ENSCAFG00000022775	1643	1642	1
ENSCAFG00000020627	51	51	0
ENSCAFG00000046189	0	0	0
ENSCAFG00000048990	0	0	0
ENSCAFG00000025628	4	4	0
ENSCAFG00000048507	0	0	0
ENSCAFG00000020598	44	44	0
ENSCAFG00000022951	183	183	0
ENSCAFG00000020643	103	0	103
ENSCAFG00000020597	12	12	0
ENSCAFG00000048686	0	0	0
ENSCAFG00000022827	7	7	0
ENSCAFG00000020569	721	721	0
ENSCAFG00000020455	15501	15501	0
ENSCAFG00000022815	152	152	0
ENSCAFG00000026846	11	11	0
ENSCAFG00000026634	60	60	0
ENSCAFG00000025741	0	0	0
ENSCAFG00000026768	12	12	0
ENSCAFG00000020469	6	3	3
ENSCAFG00000042161	19	19	0
ENSCAFG00000025665	18406	18406	0
ENSCAFG00000045681	0	0	0
ENSCAFG00000020519	81720	81720	0
ENSCAFG00000025649	34431	34431	0
ENSCAFG00000020443	632334	632334	0
ENSCAFG00000044661	12	12	0
ENSCAFG00000030650	13	13	0
ENSCAFG00000043073	0	0	0
ENSCAFG00000042321	0	0	0
ENSCAFG00000043760	0	0	0
ENSCAFG00000027122	0	0	0
ENSCAFG00000049057	0	0	0
ENSCAFG00000020610	3	3	0
ENSCAFG00000022832	0	0	0
ENSCAFG00000025709	32	32	0
ENSCAFG00000043963	0	0	0
ENSCAFG00000020539	3	3	0
ENSCAFG00000044954	0	0	0
ENSCAFG00000041908	0	0	0
ENSCAFG00000049287	0	0	0
ENSCAFG00000025645	73	73	0
ENSCAFG00000020498	14	14	0
ENSCAFG00000030248	0	0	0
ENSCAFG00000032539	0	0	0
ENSCAFG00000020630	290	290	0
ENSCAFG00000020572	1	1	0
ENSCAFG00000048163	0	0	0
ENSCAFG00000022783	0	0	0
ENSCAFG00000049324	29	29	0
ENSCAFG00000020595	100	100	0
ENSCAFG00000020536	3466	3464	2
ENSCAFG00000046537	201	201	0
ENSCAFG00000044245	257	257	0
ENSCAFG00000049374	1	1	0
ENSCAFG00000020549	0	0	0
ENSCAFG00000026507	50	50	0
ENSCAFG00000020621	2	2	0
ENSCAFG00000020524	2523	2523	0
ENSCAFG00000020633	42	42	0
ENSCAFG00000028108	561	561	0
ENSCAFG00000042120	712	712	0
ENSCAFG00000025719	1442	1442	0
ENSCAFG00000025680	3043	3043	0
ENSCAFG00000020648	4657	4657	0
ENSCAFG00000027636	0	0	0
ENSCAFG00000047085	0	0	0
ENSCAFG00000045414	1	1	0
ENSCAFG00000049121	0	0	0
ENSCAFG00000025662	1698	1698	0
ENSCAFG00000042080	0	0	0
ENSCAFG00000041616	0	0	0
ENSCAFG00000020593	86	86	0
ENSCAFG00000025734	524	524	0
ENSCAFG00000047649	0	0	0
ENSCAFG00000026614	71	71	0
ENSCAFG00000048389	0	0	0
ENSCAFG00000043228	0	0	0
ENSCAFG00000049771	0	0	0
ENSCAFG00000041108	0	0	0
ENSCAFG00000020492	758	758	0
ENSCAFG00000042688	0	0	0
ENSCAFG00000020516	2	2	0
ENSCAFG00000020484	15296	15296	0
ENSCAFG00000020464	10563	10563	0
ENSCAFG00000048691	0	0	0
ENSCAFG00000042029	0	0	0
ENSCAFG00000043352	0	0	0
ENSCAFG00000030722	5	4	1
ENSCAFG00000026592	1303	1303	0
ENSCAFG00000022791	15	15	0
ENSCAFG00000025718	12	12	0
ENSCAFG00000046610	0	0	0
ENSCAFG00000027554	0	0	0
ENSCAFG00000026594	1	1	0
ENSCAFG00000026571	2	2	0
ENSCAFG00000020512	324	324	0
ENSCAFG00000025644	2048	2048	0
ENSCAFG00000020615	1702	1702	0
ENSCAFG00000026477	611	611	0
ENSCAFG00000042200	0	0	0
ENSCAFG00000042492	186	186	0
ENSCAFG00000022765	973	973	0
ENSCAFG00000022762	29	29	0
ENSCAFG00000022840	72	72	0
ENSCAFG00000020618	8533	8533	0
ENSCAFG00000025720	137	137	0
ENSCAFG00000020517	452	452	0
ENSCAFG00000020614	631	631	0
ENSCAFG00000025655	3447	3447	0
ENSCAFG00000020573	4351	4351	0
ENSCAFG00000026742	11	11	0
ENSCAFG00000020533	92	92	0
ENSCAFG00000025656	69	69	0
ENSCAFG00000025684	53	53	0
ENSCAFG00000022766	1486	1486	0
ENSCAFG00000025738	268	268	0
ENSCAFG00000029193	219	219	0
ENSCAFG00000027782	51	51	0
ENSCAFG00000026808	1	1	0
ENSCAFG00000026682	79	79	0
ENSCAFG00000022830	113	113	0
ENSCAFG00000026524	659	659	0
ENSCAFG00000022838	0	0	0
ENSCAFG00000022796	32	32	0
ENSCAFG00000020486	459	459	0
ENSCAFG00000025637	98	98	0
ENSCAFG00000025674	3	3	0
ENSCAFG00000020483	5	5	0
ENSCAFG00000049813	0	0	0
ENSCAFG00000020625	70	70	0
ENSCAFG00000025737	19	19	0
ENSCAFG00000045843	0	0	0
ENSCAFG00000025700	0	0	0
ENSCAFG00000020557	1581	1581	0
ENSCAFG00000020585	145301	145301	0
ENSCAFG00000045215	2	2	0
ENSCAFG00000046565	0	0	0
ENSCAFG00000048842	0	0	0
ENSCAFG00000028270	1	1	0
ENSCAFG00000020631	411	411	0
ENSCAFG00000044658	31162	31158	4
ENSCAFG00000022942	180	180	0
ENSCAFG00000026767	235	235	0
ENSCAFG00000046297	3	3	0
ENSCAFG00000020552	20	20	0
ENSCAFG00000049204	0	0	0
ENSCAFG00000026795	13	13	0
ENSCAFG00000049090	0	0	0
ENSCAFG00000048969	0	0	0
ENSCAFG00000048652	1	1	0
ENSCAFG00000025696	3	3	0
ENSCAFG00000020619	0	0	0
ENSCAFG00000042382	4	4	0
ENSCAFG00000048248	0	0	0
ENSCAFG00000045852	0	0	0
ENSCAFG00000026752	138	138	0
ENSCAFG00000040972	0	0	0
ENSCAFG00000044629	0	0	0
ENSCAFG00000047160	0	0	0
ENSCAFG00000045055	0	0	0
ENSCAFG00000045256	0	0	0
ENSCAFG00000047586	0	0	0
ENSCAFG00000025650	158	158	0
ENSCAFG00000020447	32834	32832	2
ENSCAFG00000025735	0	0	0
ENSCAFG00000027864	0	0	0
ENSCAFG00000043040	0	0	0
ENSCAFG00000031591	0	0	0
ENSCAFG00000047537	0	0	0
ENSCAFG00000020632	1052	1052	0
ENSCAFG00000026763	0	0	0
ENSCAFG00000020605	2	1	1
ENSCAFG00000046924	0	0	0
ENSCAFG00000022821	22	22	0
ENSCAFG00000026488	0	0	0
ENSCAFG00000044039	0	0	0
ENSCAFG00000025717	16050	16050	0
ENSCAFG00000020612	235323	235323	0
ENSCAFG00000022759	14046	14046	0
ENSCAFG00000048175	0	0	0
ENSCAFG00000044899	0	0	0
ENSCAFG00000020487	198	198	0
ENSCAFG00000025739	77	77	0
ENSCAFG00000047158	0	0	0
ENSCAFG00000022936	0	0	0
ENSCAFG00000020467	2152	2152	0
ENSCAFG00000020639	37	37	0
ENSCAFG00000020582	246	246	0
ENSCAFG00000025729	5598	5598	0
ENSCAFG00000020638	5	5	0
ENSCAFG00000020505	1162	1162	0
ENSCAFG00000020460	472	460	12
ENSCAFG00000043254	52	52	0
ENSCAFG00000048199	0	0	0
ENSCAFG00000047706	1	1	0
ENSCAFG00000049728	0	0	0
ENSCAFG00000032629	8	8	0
ENSCAFG00000047161	0	0	0
ENSCAFG00000025663	18060	18060	0
ENSCAFG00000020642	48285	48285	0
ENSCAFG00000025692	0	0	0
ENSCAFG00000046153	0	0	0
ENSCAFG00000026690	12	12	0
ENSCAFG00000020626	2296	2296	0
ENSCAFG00000022883	218	218	0
ENSCAFG00000020478	153	153	0
ENSCAFG00000020471	772255	772255	0
ENSCAFG00000022873	2	2	0
ENSCAFG00000020646	16	16	0
ENSCAFG00000025693	686	686	0
ENSCAFG00000025711	3799	3799	0
ENSCAFG00000020577	132	132	0
ENSCAFG00000020534	13704	13704	0
ENSCAFG00000020526	19786	19786	0
ENSCAFG00000020482	388	388	0
ENSCAFG00000025736	40	40	0
ENSCAFG00000044888	0	0	0
ENSCAFG00000020620	563069	563068	1
ENSCAFG00000045762	1	1	0
ENSCAFG00000020521	3	1	2
ENSCAFG00000020613	22342	22342	0
ENSCAFG00000020470	249	249	0
ENSCAFG00000025713	684	684	0
ENSCAFG00000020463	13	13	0
ENSCAFG00000020452	20632	20632	0
ENSCAFG00000020510	551	551	0
ENSCAFG00000020442	46	46	0
ENSCAFG00000020617	38	38	0
ENSCAFG00000020489	117	117	0
ENSCAFG00000020499	14	14	0
ENSCAFG00000022835	3	3	0
ENSCAFG00000022806	1	1	0
ENSCAFG00000025715	1	1	0
ENSCAFG00000041468	0	0	0
ENSCAFG00000020547	348335	348335	0
ENSCAFG00000020607	5	5	0
ENSCAFG00000049329	0	0	0
ENSCAFG00000040970	0	0	0
ENSCAFG00000042307	0	0	0
ENSCAFG00000045023	0	0	0
ENSCAFG00000044422	0	0	0
ENSCAFG00000047587	0	0	0
ENSCAFG00000042772	0	0	0
ENSCAFG00000044054	0	0	0
ENSCAFG00000046791	0	0	0
ENSCAFG00000022792	775	775	0
ENSCAFG00000046766	0	0	0
ENSCAFG00000048645	0	0	0
ENSCAFG00000046994	0	0	0
ENSCAFG00000045645	0	0	0
ENSCAFG00000041727	0	0	0
ENSCAFG00000047632	0	0	0
ENSCAFG00000025710	130	130	0
ENSCAFG00000043260	0	0	0
ENSCAFG00000047874	0	0	0
ENSCAFG00000042937	0	0	0
ENSCAFG00000020515	7	7	0
ENSCAFG00000026572	1765	1094	671
ENSCAFG00000047906	0	0	0
ENSCAFG00000045083	0	0	0
ENSCAFG00000048975	0	0	0
ENSCAFG00000046627	0	0	0
ENSCAFG00000020590	0	0	0
ENSCAFG00000026575	131	131	0
ENSCAFG00000044563	0	0	0
ENSCAFG00000020561	1	1	0
ENSCAFG00000020609	227492	227492	0
ENSCAFG00000047150	0	0	0
ENSCAFG00000043124	0	0	0
ENSCAFG00000020586	21174	21174	0
ENSCAFG00000020497	808	808	0
ENSCAFG00000045976	0	0	0
ENSCAFG00000047954	6	6	0
ENSCAFG00000032074	0	0	0
ENSCAFG00000022793	1714	1714	0
ENSCAFG00000020580	386	386	0
ENSCAFG00000020495	22124	22124	0
ENSCAFG00000020606	51790	51790	0
ENSCAFG00000022889	3752	3752	0
ENSCAFG00000020457	4	4	0
ENSCAFG00000020558	8	8	0
ENSCAFG00000044505	0	0	0
ENSCAFG00000045180	0	0	0
ENSCAFG00000041351	0	0	0
ENSCAFG00000022785	738	738	0
ENSCAFG00000020540	12	12	0
ENSCAFG00000027795	304	304	0
ENSCAFG00000020465	468	468	0
ENSCAFG00000049877	0	0	0
ENSCAFG00000026590	3	3	0
ENSCAFG00000047009	2750	2750	0
ENSCAFG00000043279	5281	5280	1
ENSCAFG00000045700	0	0	0
ENSCAFG00000048401	3	3	0
ENSCAFG00000020600	73	73	0
ENSCAFG00000020541	1539	1539	0
ENSCAFG00000044913	0	0	0
ENSCAFG00000020532	3540	3540	0
ENSCAFG00000041679	0	0	0
ENSCAFG00000025666	9	9	0
ENSCAFG00000020567	325	325	0
ENSCAFG00000020538	13	13	0
ENSCAFG00000049303	0	0	0
ENSCAFG00000043428	0	0	0
ENSCAFG00000047746	0	0	0
ENSCAFG00000041497	0	0	0
ENSCAFG00000043700	0	0	0
ENSCAFG00000046660	0	0	0
ENSCAFG00000020462	0	0	0
ENSCAFG00000042654	0	0	0
ENSCAFG00000020440	5013	5013	0
ENSCAFG00000046730	0	0	0
ENSCAFG00000041155	0	0	0
ENSCAFG00000020581	274	274	0
ENSCAFG00000041206	0	0	0
ENSCAFG00000025643	606	606	0
ENSCAFG00000026798	211	211	0
ENSCAFG00000047721	0	0	0
ENSCAFG00000020551	45	45	0
ENSCAFG00000020604	3475	3475	0
ENSCAFG00000044542	0	0	0
ENSCAFG00000047988	0	0	0
ENSCAFG00000048238	0	0	0
ENSCAFG00000020490	130	130	0
ENSCAFG00000022789	127180	127180	0
ENSCAFG00000025701	460	460	0
ENSCAFG00000020444	17	17	0
ENSCAFG00000025714	0	0	0
ENSCAFG00000048530	0	0	0
ENSCAFG00000020584	14550	14550	0
ENSCAFG00000028294	0	0	0
ENSCAFG00000020562	0	0	0
ENSCAFG00000025702	0	0	0
ENSCAFG00000020588	32	32	0
ENSCAFG00000037005	0	0	0
ENSCAFG00000022772	6024	6024	0
ENSCAFG00000020641	548	548	0
ENSCAFG00000025632	32	32	0
ENSCAFG00000022834	1	1	0
ENSCAFG00000025651	0	0	0
ENSCAFG00000041660	0	0	0
ENSCAFG00000045592	0	0	0
ENSCAFG00000020466	2026	2026	0
ENSCAFG00000044242	0	0	0
ENSCAFG00000049952	0	0	0
ENSCAFG00000022817	4773	4773	0
ENSCAFG00000026621	2520	2520	0
ENSCAFG00000042963	0	0	0
ENSCAFG00000048328	0	0	0
ENSCAFG00000025673	1	1	0
ENSCAFG00000041738	0	0	0
ENSCAFG00000037741	0	0	0
ENSCAFG00000026726	0	0	0
ENSCAFG00000022866	0	0	0
ENSCAFG00000046340	0	0	0
ENSCAFG00000025624	585	585	0
ENSCAFG00000020589	91	91	0
ENSCAFG00000027668	0	0	0
ENSCAFG00000020548	243	243	0
ENSCAFG00000020496	15418	15418	0
ENSCAFG00000020578	1353	1353	0
ENSCAFG00000020623	1446	1446	0
ENSCAFG00000025722	0	0	0
ENSCAFG00000045234	5	5	0
ENSCAFG00000043510	0	0	0
ENSCAFG00000026826	163	163	0
ENSCAFG00000030092	1	1	0
ENSCAFG00000020451	4506	4506	0
ENSCAFG00000025669	8	8	0
ENSCAFG00000022893	137	137	0
ENSCAFG00000047004	0	0	0
ENSCAFG00000020629	0	0	0
ENSCAFG00000025681	0	0	0
ENSCAFG00000025664	1	1	0
ENSCAFG00000025671	0	0	0
ENSCAFG00000022976	0	0	0
ENSCAFG00000041776	1200	1200	0
ENSCAFG00000049066	0	0	0
ENSCAFG00000028380	20	20	0
ENSCAFG00000020583	40462	40462	0
ENSCAFG00000020446	7	7	0
ENSCAFG00000026759	41	41	0
ENSCAFG00000043470	0	0	0
ENSCAFG00000048040	0	0	0
ENSCAFG00000020468	63502	63502	0
ENSCAFG00000047624	0	0	0
ENSCAFG00000028084	79	79	0
ENSCAFG00000020616	22	22	0
ENSCAFG00000025630	29	29	0
ENSCAFG00000020571	18	18	0
ENSCAFG00000046102	1	1	0
ENSCAFG00000048051	0	0	0
ENSCAFG00000047357	0	0	0
ENSCAFG00000046697	0	0	0
ENSCAFG00000046275	0	0	0
ENSCAFG00000042762	0	0	0
ENSCAFG00000047266	0	0	0
ENSCAFG00000046616	0	0	0
ENSCAFG00000045173	0	0	0
ENSCAFG00000042758	0	0	0
ENSCAFG00000047067	0	0	0
ENSCAFG00000045846	0	0	0
ENSCAFG00000045255	0	0	0
ENSCAFG00000046038	0	0	0
ENSCAFG00000048013	0	0	0
ENSCAFG00000047855	0	0	0
ENSCAFG00000020542	1048	1048	0
ENSCAFG00000042796	0	0	0
ENSCAFG00000047860	0	0	0
ENSCAFG00000049931	0	0	0
ENSCAFG00000045541	0	0	0
